[FRAGMENT LIST]
Std	Peak#	DyeName	MigTime	StdSize	EstSize	Height	Area	Width	Mobility	Efficiency	Resolution	Locus	AlleleID	NumRepeat	Comment	
	  1 	D1	16.66	0	147.69	4936	10133	1.69	0.00024759							
	  2 	D1	16.78	0	149.86	3085	4679	1.22	0.00024576							
	  3 	D1	16.88	0	151.57	4237	6613	1.26	0.00024433							
	  4 	D1	17.11	0	155.43	7141	8878	1.00	0.00024115							
	  5 	D1	17.29	0	158.59	4903	5980	0.99	0.00023859							
 * 	  6 	D1	17.46	160	161.56	42480	41660	0.79	0.00023623	578209	0.51					
	  7 	D1	17.71	0	165.87	3895	6443	1.35	0.00023287							
	  8 	D1	17.83	0	167.85	5835	7610	1.06	0.00023135							
	  9 	D1	17.90	0	169.06	14160	14838	0.84	0.00023043							
	  10 	D1	18.01	0	170.83	45141	47314	0.83	0.00022910							
	  11 	D1	18.14	0	173.07	5034	7072	1.13	0.00022743							
	  12 	D1	18.35	0	176.59	2905	4723	1.31	0.00022483							
 * 	  13 	D1	18.58	180	180.58	41883	37363	0.72	0.00022196	696930	0.57					
	  14 	D1	18.67	0	182.00	5708	8400	1.18	0.00022095							
	  15 	D1	18.83	0	184.68	3419	3495	0.83	0.00021906							
	  16 	D1	19.01	0	187.64	2245	3286	1.18	0.00021701							
 * 	  17 	D1	19.15	190	190.06	46076	42072	0.74	0.00021535	662783	0.55					
	  18 	D1	19.23	0	191.29	5027	7015	1.13	0.00021451							
	  19 	D1	19.33	0	192.89	4399	6240	1.15	0.00021344							
	  20 	D1	19.46	0	195.10	3818	5418	1.15	0.00021196							
 * 	  21 	D1	19.77	200	200.09	46881	43214	0.76	0.00020868	628894	0.54					
	  22 	D1	20.04	0	204.60	3168	3924	1.00	0.00020579							
	  23 	D1	20.09	0	205.33	3226	3832	0.95	0.00020533							
	  24 	D1	20.16	0	206.49	2438	2451	0.81	0.00020460							
	  25 	D1	20.31	0	208.93	3132	3583	0.93	0.00020308							
	  26 	D1	20.49	0	211.73	4669	4963	0.86	0.00020134							
	  27 	D1	20.68	0	214.86	2854	3098	0.88	0.00019944							
	  28 	D1	20.77	0	216.31	3529	4401	1.01	0.00019857							
 * 	  29 	D1	20.96	220	219.29	45315	41934	0.75	0.00019680	635996	0.55					
	  30 	D1	21.18	0	222.82	2879	3912	1.10	0.00019472							
	  31 	D1	21.24	0	223.67	3369	4453	1.07	0.00019423							
	  32 	D1	21.54	0	228.37	6545	5782	0.72	0.00019153							
	  33 	D1	21.60	0	229.38	3454	3665	0.86	0.00019096							
	  34 	D1	21.72	0	231.30	2327	3374	1.17	0.00018988							
	  35 	D1	21.87	0	233.51	2891	3570	1.00	0.00018865							
	  36 	D1	21.94	0	234.68	2417	2984	1.00	0.00018800							
	  37 	D1	22.07	0	236.66	5331	7818	1.18	0.00018691							
	  38 	D1	22.15	0	237.90	17673	15135	0.68	0.00018624							
 * 	  39 	D1	22.21	240	238.83	47806	40820	0.68	0.00018574	776189	0.61					
	  40 	D1	22.37	0	241.33	4770	4901	0.82	0.00018439							
	  41 	D1	22.52	0	243.57	2859	2993	0.85	0.00018320							
	  42 	D1	22.70	0	246.38	1838	2684	1.18	0.00018171							
	  43 	D1	22.85	0	248.65	2495	3620	1.17	0.00018053							
	  44 	D1	22.96	0	250.37	4865	5273	0.88	0.00017965							
	  45 	D1	23.09	0	252.38	2780	3942	1.14	0.00017861							
	  46 	D1	23.35	0	256.19	3335	4238	1.02	0.00017669							
 * 	  47 	D1	23.55	260	259.33	44557	45161	0.82	0.00017512	538318	0.50					
	  48 	D1	24.29	0	270.28	1253	724	0.84	0.00016983							
	  49 	D4	24.36	0	271.26	4247	3872	1.40	0.00016936							
	  50 	D4	24.55	0	274.17	3173	2363	1.25	0.00016800							
	  51 	D4	24.67	0	275.85	3723	2878	1.25	0.00016723							
	  52 	D4	24.76	0	277.21	5522	4859	1.24	0.00016660							
	  53 	D4	24.86	0	278.71	2877	2015	1.24	0.00016591							
 * 	  54 	D1	24.90	280	279.22	44930	41299	0.76	0.00016568	615794	0.54					
	  55 	D4	24.96	0	280.20	4198	3316	1.23	0.00016524							
	  56 	D4	25.07	0	281.78	1021	453	1.23	0.00016452							
	  57 	D4	25.17	0	283.24	1236	590	1.22	0.00016386							
	  58 	D4	25.40	0	286.49	1389	691	1.21	0.00016242							
	  59 	D1	25.59	0	289.26	47021	47635	0.85	0.00016120							
	  60 	D4	26.09	0	296.41	3148	3223	1.81	0.00015812							
	  61 	D1	26.21	0	298.18	7842	6644	0.81	0.00015738							
	  62 	D4	26.25	0	298.77	1103	723	1.80	0.00015713							
 * 	  63 	D1	26.29	300	299.31	40208	38565	0.80	0.00015690	556507	0.51					
	  64 	D4	26.42	0	301.11	1904	1567	1.79	0.00015615							
	  65 	D1	26.59	0	303.52	2312	3633	1.28	0.00015515							
	  66 	D4	26.60	0	303.68	988	394	1.26	0.00015508							
	  67 	D4	26.70	0	305.11	1444	679	1.26	0.00015450							
	  68 	D4	26.87	0	307.46	1827	952	1.25	0.00015354							
	  69 	D4	26.98	0	309.06	1175	505	1.24	0.00015289							
	  70 	D1	27.11	0	310.94	1070	888	0.66	0.00015213							
	  71 	D1	27.19	0	312.05	1265	1047	0.66	0.00015169							
	  72 	D1	27.25	0	312.86	1563	1288	0.66	0.00015137							
	  73 	D1	27.52	0	316.54	1928	2590	1.08	0.00014991							
 * 	  74 	D1	27.74	320	319.66	49131	47215	0.77	0.00014870	614680	0.53					
	  75 	D1	28.83	0	334.60	1443	1105	0.97	0.00014308							
	  76 	D1	28.98	0	336.63	2047	1498	0.82	0.00014234							
	  77 	D1	29.11	0	338.36	16351	15565	0.82	0.00014171							
 * 	  78 	D1	29.20	340	339.54	42979	42712	0.82	0.00014129	539928	0.49					
	  79 	D1	29.50	0	343.58	1480	1294	0.69	0.00013984							
	  80 	D1	29.56	0	344.46	1355	1184	0.69	0.00013954							
	  81 	D1	30.64	0	358.73	19041	18306	0.84	0.00013464							
 * 	  82 	D1	30.72	360	359.81	42504	42513	0.84	0.00013428	515610	0.47					
	  83 	D1	31.45	0	369.31	1882	1593	0.81	0.00013117							
 * 	  84 	D1	32.29	380	380.21	44365	41138	0.75	0.00012774	644752	0.52					
	  85 	D1	32.98	0	388.95	1416	2060	0.59	0.00012508							
	  86 	D1	33.04	0	389.66	1897	2929	0.59	0.00012487							
	  87 	D1	33.10	0	390.52	1691	3481	0.59	0.00012461							
	  88 	D1	33.20	0	391.69	3207	5641	0.59	0.00012426							
	  89 	D1	33.26	0	392.48	3144	6282	0.59	0.00012403							
	  90 	D1	33.33	0	393.43	3250	6991	0.59	0.00012375							
	  91 	D1	33.41	0	394.43	3599	8049	0.59	0.00012345							
	  92 	D1	33.49	0	395.37	3210	8441	0.59	0.00012318							
	  93 	D4	33.55	0	396.21	1422	627	1.20	0.00012293							
	  94 	D1	33.57	0	396.46	3339	9398	0.58	0.00012286							
	  95 	D1	33.64	0	397.31	3761	6908	0.52	0.00012261							
	  96 	D4	33.73	0	398.45	13459	13331	1.19	0.00012228							
 * 	  97 	D1	33.90	400	400.55	51557	60442	0.74	0.00012168	664289	0.52					
	  98 	D1	34.07	0	402.69	7372	21665	0.73	0.00012107							
	  99 	D1	34.37	0	406.41	6534	16007	0.47	0.00012001							
	  100 	D1	34.44	0	407.24	6571	16527	0.47	0.00011978							
	  101 	D4	34.85	0	412.29	132627	162890	0.98	0.00011837							
	  102 	D4	35.46	0	419.83	165032	274693	1.33	0.00011632							
 * 	  103 	D1	35.52	420	420.55	28228	19921	0.56	0.00011613	1142654	0.66					
 * 	  104 	D1	37.19	440	440.70	50192	54005	0.70	0.00011092	726945	0.51					
	  105 	D1	37.42	0	443.48	5898	4568	0.21	0.00011023							
	  106 	D4	37.62	0	445.88	79863	125950	1.26	0.00010964							
	  107 	D4	37.90	0	449.21	90911	130944	1.15	0.00010883							
	  108 	D4	38.76	0	459.32	45923	79989	1.39	0.00010642							
 * 	  109 	D1	38.88	460	460.71	45711	41694	0.65	0.00010610	859652	0.54					
	  110 	D4	39.42	0	467.03	18452	20560	0.89	0.00010464							
	  111 	D4	39.52	0	468.19	10703	11887	0.89	0.00010438							
	  112 	D4	39.58	0	468.89	10586	11744	0.88	0.00010422							
	  113 	D4	39.67	0	469.91	11044	12208	0.88	0.00010399							
	  114 	D4	39.76	0	470.95	15318	16890	0.88	0.00010375							
	  115 	D4	39.86	0	472.10	18990	20899	0.88	0.00010350							
	  116 	D4	39.96	0	473.33	14276	15695	0.88	0.00010322							
	  117 	D4	40.05	0	474.36	22992	25171	0.87	0.00010299							
	  118 	D4	40.16	0	475.58	16287	17784	0.87	0.00010272							
	  119 	D4	40.29	0	477.13	13440	14623	0.87	0.00010238							
 * 	  120 	D1	40.60	480	480.72	47386	41063	0.66	0.00010159	823888	0.51					
	  121 	D1	41.04	0	485.79	1326	1356	0.28	0.00010050							
	  122 	D4	42.13	0	498.14	94973	123370	1.04	0.00009792							
 * 	  123 	D1	42.35	500	500.66	46343	40816	0.60	0.00009740	983985	0.54					
	  124 	D4	42.56	0	503.00	46398	64819	1.11	0.00009693							
	  125 	D1	43.28	0	511.14	2085	4729	0.60	0.00009531							
	  126 	D1	43.34	0	511.81	1813	3732	0.60	0.00009518							
 * 	  127 	D1	44.13	520	520.73	45540	36609	0.63	0.00009346	899462	0.50					
	  128 	D1	45.85	0	539.76	25830	19650	0.61	0.00008997							
 * 	  129 	D1	45.94	540	540.79	38646	29350	0.61	0.00008979	977488	0.50					
	  130 	D4	46.48	0	546.75	8818	13740	1.24	0.00008874							
	  131 	D1	46.75	0	549.71	1461	1551	0.43	0.00008823							
	  132 	D1	46.83	0	550.53	2000	2079	0.43	0.00008809							
	  133 	D1	46.89	0	551.19	1485	1956	0.43	0.00008798							
	  134 	D1	47.65	0	559.53	13242	10576	0.60	0.00008658							
 * 	  135 	D1	47.73	560	560.50	41965	32099	0.60	0.00008642	1004583	0.48					
 * 	  136 	D1	49.49	580	579.65	45276	33732	0.57	0.00008335	1123293	0.48					
 * 	  137 	D1	51.33	600	599.57	42059	30621	0.57	0.00008036	1124031	0.46					
	  138 	D1	52.18	0	608.75	1194	750	0.29	0.00007906							
	  139 	D1	53.02	0	617.89	2732	2220	0.56	0.00007779							
 * 	  140 	D1	53.16	620	619.29	42544	29904	0.56	0.00007760	1162223	0.44					
	  141 	D4	53.74	0	625.65	8400	8285	0.79	0.00007675							
	  142 	D4	54.27	0	631.30	14351	15311	0.85	0.00007601							
	  143 	D1	54.44	0	633.16	1816	1528	0.36	0.00007577							
 * 	  144 	D1	55.01	640	639.27	40035	27726	0.55	0.00007499	1190496	0.43					
	  145 	D1	55.59	0	645.57	1248	1368	0.69	0.00007420							
	  146 	D1	56.29	0	653.13	1184	650	0.37	0.00007328							
	  147 	D1	56.75	0	658.08	5189	3529	0.58	0.00007269							
 * 	  148 	D1	56.86	660	659.32	38981	27796	0.58	0.00007255	1084028	0.38					
	  149 	D1	57.98	0	671.40	1407	671	0.52	0.00007115							
	  150 	D1	58.42	0	676.23	1355	731	0.58	0.00007061							
	  151 	D1	58.60	0	678.20	22125	15476	0.58	0.00007039							
 * 	  152 	D1	58.70	680	679.24	30149	21194	0.58	0.00007027	1083385	0.36					
 * 	  153 	D1	60.52	700	699.14	100534	74247	0.59	0.00006815	1025413	0.33					
 * 	  154 	D1	62.37	720	719.43	97405	72704	0.60	0.00006613	1000010	0.31					
 * 	  155 	D1	64.21	740	739.82	89561	61055	0.55	0.00006424	1202971	0.33					
 * 	  156 	D1	65.84	760	757.94	51566	35982	0.56	0.00006266	1142047	0.30					
	  157 	D4	66.36	0	763.89	1101	390	0.24	0.00006216							
	  158 	D4	66.41	0	764.44	1431	492	0.24	0.00006211							
	  159 	D4	66.46	0	765.02	1239	430	0.24	0.00006206							
 * 	  160 	D1	67.82	780	780.40	57852	36892	0.51	0.00006082	1375795	0.32					
 * 	  161 	D1	69.56	800	800.33	55715	38338	0.55	0.00005930	1201010	0.29					
 * 	  162 	D1	71.34	820	820.92	57215	41199	0.58	0.00005782	1068588	0.27					
 * 	  163 	D1	73.07	840	841.34	57117	36643	0.51	0.00005645	1383210	0.31					
 * 	  164 	D1	74.73	860	861.18	60321	44179	0.58	0.00005520	1060854	0.27					
 * 	  165 	D1	76.43	880	881.67	54844	36109	0.52	0.00005397	1335277	0.32					
 * 	  166 	D1	77.98	900	900.76	37254	22905	0.50	0.00005290	1434627	0.34					
	  167 	D1	78.06	0	901.72	27365	16715	0.50	0.00005285							
 * 	  168 	D1	79.58	920	920.73	62607	53655	0.67	0.00005183	803230	0.27					
 * 	  169 	D1	81.10	940	939.97	54249	32232	0.47	0.00005086	1607960	0.41					
	  170 	D1	81.22	0	941.39	33410	19791	0.47	0.00005079							
	  171 	D1	81.32	0	942.74	1065	259	0.19	0.00005072							
 * 	  172 	D1	82.59	960	958.99	55992	26333	0.37	0.00004995	2571026	0.56					
	  173 	D1	82.69	0	960.27	53212	24975	0.37	0.00004989							
	  174 	D1	82.79	0	961.55	24621	11530	0.37	0.00004983							
	  175 	D1	83.47	0	970.41	2093	806	0.31	0.00004942							
 * 	  176 	D1	84.09	980	978.53	46988	22731	0.39	0.00004905	2415142	0.59					
	  177 	D1	84.19	0	979.84	36671	17716	0.39	0.00004900							
	  178 	D1	84.29	0	981.16	14372	6926	0.39	0.00004894							
 * 	  179 	D1	85.52	1000	997.42	46237	23337	0.40	0.00004823	2220247	0.62					
	  180 	D1	85.64	0	998.93	34825	17579	0.40	0.00004817							
	  181 	D1	85.75	0	1000.44	13206	6642	0.40	0.00004810							
	  182 	D1	86.87	0	1015.44	58444	21914	0.30	0.00004748							
	  183 	D1	86.97	0	1016.70	46716	17461	0.30	0.00004743							
	  184 	D1	87.06	0	1017.94	29999	11193	0.30	0.00004738							
	  185 	D1	87.15	0	1019.20	13232	4929	0.30	0.00004733							
	  186 	D1	88.16	0	1032.91	61717	25234	0.33	0.00004679							
	  187 	D1	88.27	0	1034.33	34929	14202	0.33	0.00004673							
	  188 	D1	88.37	0	1035.72	20411	8248	0.33	0.00004668							
	  189 	D1	88.48	0	1037.14	8050	3159	0.33	0.00004662							
 * 	  190 	D1	89.54	1050	1051.71	77283	63157	0.66	0.00004607	834339	0.49					
	  191 	D1	90.82	0	1069.48	39668	16149	0.32	0.00004542							
	  192 	D1	90.92	0	1070.90	35228	14293	0.32	0.00004537							
	  193 	D1	90.98	0	1071.68	7754	3187	0.32	0.00004534							
	  194 	D1	91.03	0	1072.44	24067	9751	0.32	0.00004531							
	  195 	D1	91.12	0	1073.70	17216	6977	0.32	0.00004527							
	  196 	D1	91.21	0	1074.84	9424	3831	0.32	0.00004523							
	  197 	D1	91.28	0	1075.87	4580	1874	0.32	0.00004519							
	  198 	D1	95.00	0	1128.77	37936	14828	0.31	0.00004342							
	  199 	D1	95.10	0	1130.30	35630	13917	0.31	0.00004337							
	  200 	D1	95.21	0	1131.78	30275	11797	0.31	0.00004333							
	  201 	D1	95.31	0	1133.29	22499	8730	0.31	0.00004328							
	  202 	D1	95.42	0	1134.85	14246	5496	0.31	0.00004323							
	  203 	D1	95.53	0	1136.41	5635	2139	0.31	0.00004318							
	  204 	D1	97.57	0	1166.39	30308	8594	0.23	0.00004228							
	  205 	D1	97.65	0	1167.51	32770	9267	0.23	0.00004224							
	  206 	D1	97.72	0	1168.57	30646	8688	0.23	0.00004221		