59.87 4886
71.29 674
73.11 869
73.76 372
75.22 420
175.31 2363
176.37 1860
177.41 1171
178.55 479
297.35 890
298.64 921
299.79 786
301.19 669
309.98 3572
312.05 12037
313.35 23214
315.22 2863
316.17 6489
317.46 6260
318.73 4237
318.84 2985
320.06 11016
321.33 13045
323.08 5630
324.56 18725
325.82 37565
327.13 15943
328.66 7978
329.97 8331
331.38 4938
332.57 3514
334.33 4818
335.75 6905
337.31 3049
338.38 4545
339.59 7225
341.07 8638
342.71 8942
344.19 9886
345.57 9042
346.95 7904
347.93 6913
349.23 5716
357.82 8875
369.78 9747
380.41 11490
383.4 13066
395.22 12293
400.18 20722
403.59 22425
433.23 5712
436.94 5146
445.56 6312
464.63 4806
465.77 4697
475.56 961
477.65 1142
478.81 3168
479.94 6359
481.32 2320
482.49 1491
484.11 2334
485.25 2208
487.38 378
488.91 792
489.99 1135
490.9 901
492.01 434
495.36 739
496.38 2634
497.5 3281
498.54 517
514.47 2442
515.75 2168
517.08 1277
518.26 1887
524.44 4141
557.19 298
