271.59 1721
276.9 6284
280.23 6625
286.7 8815
288.88 5489
293.78 7689
294.97 8171
296.13 8339
297.13 8557
298.13 6720
299.15 7315
300.26 7121
301.29 7475
302.32 7342
303.39 9559
304.38 11801
305.41 13674
306.47 13125
307.5 13869
308.53 11995
309.55 11420
310.6 9965
311.6 7951
312.49 5757
313.3 6595
314.25 6591
315.24 6881
316.3 6119
317.32 8665
318.28 9956
319.33 8737
320.47 9383
321.65 11082
322.84 9462
324.15 8917
357.69 1453
385.57 28299
398.97 50283
404.22 11798
450.31 142986
474.5 115955
536.1 44945
601.15 5620
603.47 38471
619.85 8233
626.35 16081
631.95 35613
651.78 1840
652.52 2509
653.38 2376
654.23 5084
654.88 2978
655.26 3574
667.23 2285
668.48 1157
670.26 1621
671.53 6833
672.52 7101
673.71 18129
674.73 18470
676.7 2116
710.84 1071
715.1 2856
731.69 1049
732.04 1302
763.42 1015
763.81 3801
764.58 9077
765.52 4793
768.7 3940
769.36 4288
769.91 8423
783.15 1176
784.49 2777
788.29 6341
813.95 1560
831.01 1517
831.61 1650
832.41 1593
881.73 2938
937.85 1836
957.03 2181
1013.43 10942
1048.57 1182
