57.8 1699
63.52 782
72.44 763
81.95 640
172.36 489
173.4 769
174.38 1254
175.3 2314
176.28 2865
177.32 2347
178.41 2100
179.28 1126
182.53 605
183.51 666
297.26 877
298.36 2093
299.4 2407
301.18 641
306.82 2030
309.07 2255
310.24 3091
311.49 5802
312.62 14813
313.58 14595
321.55 41505
326 59790
335.43 11106
338.79 15925
350.08 17816
360.84 8371
375.45 17526
380.06 1028
380.23 588
381.96 2253
384.13 1697
385.79 2166
387.41 2028
388.95 2464
391.57 2734
393.37 2437
395.3 2160
396.58 3498
397.77 6470
398.95 11649
400.05 16574
401.17 12827
402.58 11335
403.78 11354
404.9 10857
406.13 4479
407.23 3847
408.18 4240
409.41 3729
410.47 4173
411.85 3065
413.01 2023
414.3 1389
415.75 1565
416.96 1809
418.35 1898
419.7 1720
421.18 3161
422.37 5113
423.53 3395
424.71 2570
425.88 1718
426.93 1727
428.22 1299
429.35 1613
430.55 1807
431.77 1995
432.99 940
437.58 1854
443.04 3922
449.14 507
450.47 1243
451.53 2743
452.68 1936
453.84 402
478.74 658
487.32 1265
527.29 1576
530.71 613
532.42 1256
534.54 568
539.64 7433
574.49 605
585.2 1152
606.18 668
607.1 1346
608.03 1338
657.3 1200
659.5 1295
755.55 473
772.2 690
837.7 724
918.15 441
919.49 634
937.24 675
939.12 439
946.2 571
948.01 1117
957.89 507
994.83 1378
